0
0
0
0
0
0
0
0
0
0
0
0
0
0
0
0
0
0
0
0
0
0
0
0
0
0
0
0
0
0
0
0
0
0
0
0
0
0
0
0
0
0
0
0
0
0
0
0
0
0
0
0
0
0
-0.0195783740969297
0.0637806489726108
0.138334454746536
0.174871027313407
0.25289347391976
0.303857889195386
0.397244004938759
0.432242419623491
0.552967260961789
0.515928802028633
0.607901465569884
0.666756196227513
0.781805022451967
0.733926182318171
0.744976422417888
0.787276925780053
0.82624751424674
0.904174070249579
0.891694485461148
0.938126338038791
0.986616554555567
0.923980748164417
0.991956005000783
0.944070719774611
1.0116461097372
0.92582373853643
0.950676314438349
1.02909673218323
0.945343253838201
0.955864939839098
0.921048622843476
0.943322417770198
0.928728073506281
0.878989061395226
0.822524878310093
0.804932503416433
0.799384971881516
0.695228219708028
0.679167956320863
0.648238280365293
0.519118569031425
0.55297384059226
0.475117541343906
0.454032324425924
0.379410405972085
0.290281569999694
0.260393807948953
0.161600268301893
0.143415048277669
0.121254913694286
0.01592001474385
-0.0279568115188243
-0.163691736302688
-0.193797281293151
-0.285135353747224
-0.265813349724117
-0.397134933430179
-0.41880459432643
-0.456923842382605
-0.523744420333234
-0.573253032340308
-0.672025280103033
-0.683045862625699
-0.785552603747547
-0.768467914080611
-0.863536828867165
-0.861599743693553
-0.894372672341053
-0.892144254027349
-0.976942014526768
-0.924427424483876
-0.977816111385835
-1.03595296776774
-1.03339865465089
-0.963709042374957
-0.956815410609611
-0.96050602758771
-0.966657257279683
-0.977444563682103
-1.03273465920276
-1.01543195355327
-0.981187360151583
-0.860239039156968
-0.866858928035906
-0.864306686526159
-0.80550282045474
-0.743062954196484
-0.709291728850476
-0.719960419106607
-0.596939237630608
-0.619973224585721
-0.503977870754559
-0.484563234532936
-0.444299743039165
-0.368599510312249
-0.328695443628645
-0.268371224319233
-0.148621515178243
-0.142756990145036
-0.00775902108457811
0.000438493685231132
0.074787064293628
0.184647389809573
0.151509784219406
0.248531340040178
0.300253410903111
0.406497537995545
0.460224560600076
0.517430978148901
0.556289744537045
0.58455061881082
0.673077367436417
0.644438503196425
0.698578606765781
0.754331189738594
0.806453324575016
0.838587058466988
0.850415138750427
0.9050707160268
0.91126478540798
0.910750565978822
0.951711969611798
0.95827847417259
0.992386956786116
0.941428913251407
0.962570341968719
1.00009076995194
1.03277973532031
1.01729857070379
0.966962088772201
0.965808328575973
0.951737873268174
0.857529442200536
0.851535830289924
0.826197704697511
0.736251040696066
0.743171694839075
0.726556728672871
0.643170822773286
0.626123369350233
0.55990517410925
0.496142708468765
0.450821438556761
0.423024922634867
0.344125671253265
0.323714169558625
0.240591442149843
0.221253741491309
0.138447872727971
0.0723056663046707
-0.0232718967272347
-0.0839162091229654
-0.157161523719156
-0.180677269772658
-0.252844987713398
-0.255774927090599
-0.417606831055104
-0.450508718398993
-0.472030208759559
-0.490514496751063
-0.556791210330482
-0.631885503564676
-0.728297672765781
-0.715061125861453
-0.828884815320522
-0.806756246293896
-0.844646663866035
-0.887573798993807
-0.906455025497886
-0.897922261305792
-0.975608909496089
-0.951147864863516
-0.9672311584273
-0.989291242603465
-1.01035834754692
-1.02633323253078
-1.02825315923991
-0.985091463334209
-1.01962642611996
-0.977857924128309
-0.926056566474415
-0.94605211021689
-0.882334377329109
-0.894453178088815
-0.828414521710876
-0.819191321149143
-0.806888394673176
-0.722547700305081
-0.652178050439973
-0.598889881780588
-0.606829607206083
-0.535712477392239
-0.458411418041557
-0.453357016224333
-0.371533989692956
-0.325224097207126
-0.237804925728036
-0.153944196890153
-0.136542805735936
-0.069595848187478
-0.00771357132737954
0.0513256860587886
0.198581233318996
0.239319849060098
0.250792648792819
0.307399306455783
0.348413542810038
0.404372738455573
0.458579201997997
0.543229492745875
0.594473442555697
0.611974114557106
0.694007809005216
0.668345515995689
0.72658381526434
0.84042827036278
0.774117205826449
0.862369469175589
0.916791911388811
0.897683299267908
0.955349144571364
1.00228864897074
0.966589449775015
0.947463740178246
1.00824343416963
0.996958825404771
1.03919153063401
1.04302278555246
0.970006093746584
1.01333774596169
0.999782487118112
0.941593347442328
0.872271556000023
0.878033316220198
0.86103673181358
0.827699562846685
0.823091668240099
0.792493587240101
0.691717544494269
0.603612432467203
0.556183140157822
0.552872104344647
0.470094146255382
0.434044729247385
0.426274393322768
0.336361182107312
0.241063588534567
0.170455114689453
0.128275003551567
0.06725115153614
0.0737909495967565
-0.0837620938175129
-0.129227605574656
-0.177772858325315
-0.283805101803356
-0.276140499115233
-0.401327080271662
-0.385773872857874
-0.467159488885156
-0.464610750860973
-0.594113427802601
-0.66670762791398
-0.643860046334909
-0.703766235876753
-0.766126979822393
-0.825782465922492
-0.867814436301968
-0.948504877233255
-0.914517676876072
-0.912312689337236
-0.965133852668997
-0.953906219602504
-1.00085377194574
-1.02658630611449
-0.978435055956507
-1.02420082440531
-0.997100323981955
-0.978137440302495
-0.990176437350568
-0.923727067957335
-0.941757473956846
-0.90210556267849
-0.874764805181842
-0.884912916173745
-0.824933369092479
-0.823932879574796
-0.746047524878747
-0.751281256908587
-0.699373521074205
-0.629938256825607
-0.593123591667085
-0.547630701443541
-0.483916497045655
-0.457285649501908
-0.411075632927923
-0.307455690570574
-0.289674432054014
-0.22610687811462
-0.14473493355377
-0.0941005850125417
0.0520510739391265
0.104201362652767
0.0921641994251498
0.160345785504188
0.231737608659682
0.300620457630572
0.307708875517344
0.47396755972855
0.492056734367536
0.531571394214601
0.58362218613909
0.6492708970637
0.698569523659194
0.744865956016711
0.779458631377536
0.786430759626011
0.825146540395018
0.857746425594887
0.927445715785989
0.93190180117588
0.951369781982436
0.968711245988792
0.997267220091202
1.026556079048
1.0170384753325
0.986744365667871
1.01370899531157
1.00073282378816
0.95735786588235
1.01790936794277
0.936540062760984
0.892569803652474
0.907704121899061
0.846078555339485
0.824692098397393
0.79980349782632
0.78642900156218
0.75477083259775
0.672843385928079
0.62065254706339
0.578624329413273
0.536148848030391
0.512491480399817
0.424183007208574
0.428687845648541
0.311571243307802
0.197929260369128
0.152418166056383
0.143385099976581
0.0492894228092605
0.0131108783148244
-0.100552155471266
-0.155687316648394
-0.176111252839157
-0.292049812700304
-0.323415395899639
-0.353081811364231
-0.457959747397434
-0.412835979450878
-0.48525394701819
-0.573775350790866
-0.589705924683876
-0.692944560218486
-0.668787153956148
-0.767378503941237
-0.828484597241657
-0.891505919476858
-0.932563027082421
-0.899200296197414
-0.899794240258264
-0.95188057840896
-0.9616753753336
-0.984096735765961
-1.02468900408828
-0.992506447399114
-0.993706197112252
-1.01933208092863
-0.994813254331821
-1.0342737743787
-1.00097793499032
-0.964533677360581
-0.903761292939785
-0.915311408067765
-0.915941810735341
-0.793588288780654
-0.792675373447567
-0.731336576807552
-0.724937676268976
-0.672775437381727
-0.601900987687139
-0.582958179176335
-0.515218206713644
-0.408283430228518
-0.518930919427695
-0.429906795102298
-0.323723787629038
-0.253672010276631
-0.158594598277362
-0.131721063217382
-0.0527497812201754
0.0250103988103434
0.0541777260669425
0.141226527847751
0.181462405929858
0.287393607585168
0.304546415987209
0.408213762188221
0.399510119402318
0.515253940039795
0.551245121909933
0.553780959956517
0.635746395335627
0.694218489391028
0.765496012613635
0.804812915096037
0.802737249615014
0.815166816612573
0.908007350495256
0.924653267998825
0.866971237117843
1.0086710998108
0.959789780036225
0.979030154345361
0.94134036413514
0.968927847764378
0.944325025774243
0.966380458011843
0.947944352371981
1.01156736998851
1.0195503673465
1.01013227466124
1.02408648260359
0.900419867718787
0.843464026558559
0.87135167522101
0.756178534861974
0.711057646193124
0.7328980737419
0.703151486189911
0.644747770907285
0.655357132965526
0.500720973127222
0.455016058629238
0.400757466042539
0.382722301245957
0.314921170187023
0.253695619089315
0.160956528179222
0.156104095845144
0.0582117920795901
-0.0223055472203322
-0.0896243119118491
-0.10109145525622
-0.191750744174723
-0.251916989642276
-0.35415556378185
-0.365382178201218
-0.440142654590661
-0.468845488277418
-0.470556324615878
-0.564455040658206
-0.676936007127202
-0.657464217615225
-0.737414576402833
-0.821030811306434
-0.811056109448673
-0.75969951045645
-0.844809756562685
-0.934095807922233
-0.949813007175345
-0.951170371013742
-1.02482165637689
-1.00704970791112
-0.974669102488305
-0.991672214308709
-0.959688592387341
-0.948911800698679
-0.948377224265585
-0.989786574334521
-0.965702093862183
-0.927906511494309
-0.942300248837535
-0.877357134038481
-0.933213264930786
-0.869897088200785
-0.781825409499638
-0.772198357809844
-0.711099030039628
-0.735087446551177
-0.715652989708842
-0.594565188871129
-0.555100774172574
-0.48627217292504
-0.429726333965034
-0.342018259095669
-0.328893517154339
-0.291587959830007
-0.264524758425273
-0.0739289467593428
-0.0471064460629829
0.00048170573954018
0.0626629159710198
0.150405065357436
0.196643184174046
0.309218607929904
0.312264409710267
0.30702137205504
0.447524851075297
0.465902839491607
0.503566068359883
0.619125039083102
0.666807171504824
0.708930257868109
0.751749027109166
0.802689941595656
0.802569742053134
0.864608263180346
0.852827727157175
0.889917378328864
0.915240925932086
0.975090523179785
0.989136649658762
0.946605508084908
0.95413790402221
1.02326923516857
1.05006505805273
1.00524340364212
0.999985457168865
0.950646508070978
0.922712314722064
0.972791791057327
0.935375434819763
0.87304349780631
0.876010257246136
0.852914727311896
0.851745803419896
0.710011687619879
0.708852244029774
0.701722341119168
0.63105036464233
0.604404040941095
0.52727958644442
0.470739701765497
0.437156132392845
0.407126421860063
0.324952118940325
0.211739671195121
0.207446068112369
0.141286311927695
0.0682645503074633
0.0097119125557767
-0.097897114743998
-0.0742598956744912
-0.154418449578376
-0.254049458851397
-0.30826100071971
-0.307683091003856
-0.373558138722239
-0.4715482301793
-0.541049862124661
-0.603359347833002
-0.636714684016098
-0.660095271354531
-0.752940683825671
-0.755227432704272
-0.793727847072251
-0.85529720021967
-0.85150281542694
-0.87174876898781
-0.931590437569601
-0.976917752206665
-0.990483481482713
-0.999995303806758
-1.01378221403053
-1.04959878027689
-1.00395117196744
-0.984966930371087
-0.977845782584905
-0.969660460467231
-0.95979080143271
-0.94574983539819
-0.886685611589961
-0.890753959287405
-0.905857221840943
-0.909724744843537
-0.836341064885077
-0.749225382161714
-0.706674286033004
-0.68496958271538
-0.673119619037729
-0.536714424507942
-0.554055424027977
-0.516824829261531
-0.4730408249278
-0.386896950635074
-0.286819845261155
-0.313231326409583
-0.20795007894732
-0.0898772372051357
-0.081269670974503
0.0155042960468594
0.0536181267947811
0.0928415326860495
0.191588315377959
0.274579968669706
0.311248458079717
0.352219441118902
0.4329965705326
0.440164809881466
0.54179041916036
0.596800180193354
0.583775286986411
0.707320007226187
0.716186817417719
0.768068018512487
0.836065808684955
0.850984572838294
0.859185510713066
0.884456133229872
0.878466251191174
0.909308701413153
1.00054709811164
0.989047311476905
0.960365539450336
1.02316226412659
1.0040936825177
0.984428600357201
0.984235501272401
1.00642473399851
0.97389507529141
0.935368253130389
0.920729751561698
0.892189298488642
0.823528290950223
0.835782036800388
0.828751258752776
0.716570246202866
0.732259360714445
0.673563928441834
0.623254234861337
0.549110304086549
0.537948646565606
0.467663329840922
0.385527921921591
0.373789495113867
0.293666227287186
0.247067780645615
0.203839555276351
0.113497150105865
0.0416489234008964
0.0190673550827777
-0.119424436129068
-0.0835133217393852
-0.240787508980345
-0.310983621103458
-0.30534949834758
-0.387270276493667
-0.523931415806945
-0.396168913921195
-0.567184640726344
-0.624178085724698
-0.655753458421313
-0.715281092519668
-0.682456593976735
-0.784781487716471
-0.754936515543582
-0.846385722669122
-0.914168150444304
-0.917479112088425
-0.94128952212087
-0.952721704293183
-0.962905060455563
-0.941073561423568
-1.0339084504114
-1.01708485112955
-1.04957891652699
-0.972941834525556
-0.984383934170778
-0.928427456828625
-0.973800182843924
-0.932779085388191
-0.911764347134882
-0.962436204592312
-0.843907814582347
-0.851450125997608
-0.775371505860011
-0.741511770010863
-0.759297447675118
-0.734359515991082
-0.60238372141709
-0.561123247864159
-0.564412239860483
-0.453698609941621
-0.421445033737808
-0.381277746292293
-0.292214482417993
-0.252566175762103
-0.182704478536173
-0.136483339584973
-0.0624493669301246
-0.000655888638504901
0.0926470616361513
0.0971330047495434
0.193029977811666
0.194807172158547
0.303871650564342
0.406922705039232
0.428601069353255
0.516933234448484
0.54191147214272
0.587816469285796
0.6313844490078
0.677626862712934
0.68725229668127
0.793955068899054
0.812289204430481
0.812400742919018
0.892385844441827
0.885170621268487
0.873079239175944
0.916848447310215
0.927013244600769
0.958307389651071
0.983306470417792
1.00021320659033
1.02308168807871
1.00711235886398
1.01700800977738
0.995166430161577
0.992647633706897
0.922410680943988
0.915535498659452
0.920061095605689
0.91098326687115
0.881674761953539
0.807406073799449
0.74118383587999
0.782563656518716
0.645264925690954
0.584010334437103
0.566758513807175
0.538547188321385
0.528575294855346
0.421080417916448
0.372845061485551
0.251339356764059
0.253822626501388
0.226422008282863
0.171194919623185
0.0473608908920651
-0.0128598582126943
-0.0644819635141779
-0.120262201277839
-0.237717352660839
-0.277569512680448
-0.307477029704215
-0.384853895931982
-0.464321590667314
-0.520540651406794
-0.505666063565879
-0.599017813061578
-0.595710722334157
-0.723667942037631
-0.769490687042391
-0.780627321202347
-0.816114803659778
-0.825992267021627
-0.82100683843148
-0.948362883129754
-0.912179164248112
-0.932198785878867
-1.0317948518047
-1.00785200086732
-1.00181395553719
-1.00889309701967
-0.976862946914724
-1.00333533566398
-0.967689639078374
-0.997277878118646
-0.957242688493676
-0.961189000905065
-0.932473143182219
-0.893812362655193
-0.933711750781215
-0.843793619177107
-0.849941562116862
-0.825665761032046
-0.728689308584954
-0.687923928447439
-0.568941212318003
-0.580697997959274
-0.551661059803937
-0.47987345189461
-0.401462059759414
-0.394954660582925
-0.291464601323604
-0.217818389788019
-0.197662240872159
-0.143517306413504
-0.101992557494042
0.00909161586512785
0.0473879231532052
0.154971713426214
0.126047907117796
0.264137864724
0.26390300849573
0.375133586265105
0.444225397158839
0.453195951439954
0.507985120590322
0.548453399440186
0.62199708616166
0.681123755503818
0.666875946940465
0.785931846737963
0.806849831194585
0.855439825853579
0.849199601181221
0.931842412482387
0.936587340664767
0.960980197864048
1.02358109211258
0.948769050422066
0.900592229734912
0.999028323685577
0.995166219594141
1.02831170906072
0.976671290751089
0.941264104140753
0.989319948073917
0.949297340664563
0.942576519701909
0.908930913851586
0.899498849894498
0.837851254927607
0.7695630204559
0.746341414485847
0.659591889337975
0.699358274125313
0.686175153997179
0.60936856728188
0.523094566829433
0.546869545116276
0.426063386668821
0.372611690026687
0.292647006083832
0.285450197692278
0.171608667810733
0.12813768851167
0.065811010030513
-0.0537169239671341
-0.0759731298536549
-0.112611543920326
-0.162308661488492
-0.23171443236529
-0.325343962205464
-0.356978091514661
-0.412257547497074
-0.466601949954392
-0.576999849225302
-0.565186753045732
-0.591218637006314
-0.707810434342552
-0.694127106530225
-0.794661569014174
-0.823697981919468
-0.85040671778749
-0.859938364423455
-0.837383959640908
-0.915365469576449
-0.979977263913667
-0.984414722496537
-1.04259781720293
-0.978789145436047
-0.984324690074775
-1.00621288873854
-1.03035119852381
-0.958352518862495
-0.991196463080669
-0.964094016704768
-0.969050334287259
-0.933599914485196
-0.913508255577563
-0.885474428142957
-0.882075309756946
-0.801253323069984
-0.743656011397573
-0.712010772966099
-0.704174880399667
-0.632165656515913
-0.620295817388616
-0.58382105337761
-0.456377696870998
-0.453675595424138
-0.336388637253226
-0.295649633178739
-0.198626729118356
-0.202303804989053
-0.128656319991232
-0.0574671866700221
-0.0675025665780981
-0.00917637205456646
0.14956049438158
0.134239716948591
0.197788113120826
0.360943583779246
0.382268080287974
0.400067299739697
0.466807133841901
0.498078033116948
0.579130365421931
0.625596873369878
0.703109656083483
0.744381973071971
0.727503952755235
0.787333373792678
0.898825948104091
0.809590662379659
0.930522819484509
0.980219131518893
0.959454405677525
1.01090023249072
0.963200638234614
1.00618764172929
0.998280011508768
0.932791958770029
1.00121647883209
0.972758960693178
0.997412217160534
0.983279275253491
0.975254173049273
0.956269785289494
0.822456992196191
0.861984743976279
0.853849813073835
0.787331043234671
0.756308610522848
0.75631487728384
0.662629951126917
0.509685213736326
0.605284346947219
0.54165530380823
0.454830020930173
0.362772667464419
0.31858833790267
0.349831426791453
